setup1-sc256

No1
1.2
2.1
3.0
4.1
4.8
5.8
6.6
8.6
10.4
12.0
13.1
14.1
14.9
15.8
16.6
17.3
18.2
19
19.8

No2
1.1
1.9
2.7
3.7
4.5
5.3
6.3
7.2
8.0
8.9
9.9
10.8
12.0
13.3
14.5
15.7
16.8
18.0
19.0

No3
1.3
2.5
4.0
5.5
6.9
8.5
10.1
11.7
13.1
14.5
15.9
17.4
18.7
20.2

No4
2.6
5.4
8.7
11.6
14.5
17.3
19.9

No5
0.9
1.7
3.3
5.0
6.1
7.2
8.8
10.4
12.0
13.4
14.5
15.4
16.8
18.3
19.8


setup2-sc256

No1
3.1
6.1
8.9
11.7
17.5
20.6

No2
6.7
12.1
17.8

No3
7.9
18.5

No4
6.7
14.3
20.5

setup1 sc512 

No1
0.8
1.7
2.6
3.5
4.5
5.3
6.3
7.3
8.3
9.3
10.1
11.1
12.0
13.0
14.0
15.0
15.9
17.0
17.9
18.9
19.8

No2
1.7
3.3
4.4
5.4
6.4
7.3
8.8
10.5
12.1
13.6
14.5
15.4
16.3
17.2
18
18.9
19.7

setup2 sc512 

No1
8.2
17.5

setup1 sc1024

No1
1.9
4
5.9
8.1
10.1
12.1
14.4
17.5

No2
1.2
2.2
3.3
4.1
5.1
6.0
7.1
8.0
9.0
9.9
10.9
11.7
12.7
13.5
14.4
15.3
16.2
17.1
18.0
28.8
19.6
20.4
21.3

No3
2.2
3.7
5.7
7.7
8.9
10.0
11.1
11.9
13.5
15.4
17.6
19.9

No4
1.6
3.1
4.9
6.5
8.3
10.2
12.1
14.6
16.8
18.7
21.0

No5 inaccurate
1.3
2.1
3.2
4.1
5.2
6.0
6.9
7.9
9.0
10.0
11.0
11.8
12.8
13.7
14.6
15.5
16.4
17.3
18.2
19.2
20.0
20.7
21.6

setup1 sc2048

No1
1.7
3.0
5.2
7.5
9.9
12.7
14.9
17.6
19.9
22.4
24.9

No2
1.1
3.4
4.5
5.6
6.7
7.8
8.8
9.8
10.8
11.8
12.7
13.8
14.8
15.9
16.9
17.9
18.9
19.8
20.9
21.9
22.9
23.8
24.7
